parentID=14035
pattern
numObjects=141
7312
7702
7340
7341
7319
7336
7339
7314
7704
7350
7351
7317
7348
7349
7313
7703
7344
7345
7318
7342
7343
49
48
63
45
65
99
100
406
153
7380
7437
12014
7382
7436
12015
7383
7435
12016
7388
7434
12013
8972
8876
8875
30200
8873
10480
7379
7433
7381
7432
8052
2557
1874
1923
1876
1922
1875
33547
2136
2137
2158
2159
7377
7378
7438
8848
10223
9144
10206
9145
10205
9146
10204
9147
10203
9148
10202
9149
10201
9150
10200
9151
10199
9152
10198
9153
9154
9155
9157
9156
9158
7049
7040
14029
8753
527
530
9095
8834
25053
34159
34161
34165
34166
34167
34168
34169
34170
34151
33879
33881
33882
33883
33884
33885
33886
33887
33888
33890
33891
33892
33895
33896
33897
33898
34122
34123
34124
34125
34126
34133
34134
34135
34345
34355
34365
34346
34356
34366