parentID=32002
numObjects=103
31763
31856
31783
31764
31781
31995
31782
31748
31844
31774
31747
31800
32001
31842
31766
31799
31779
31802
31790
31845
31834
31833
31830
31827
31823
31818
31816
31812
31810
31805
31804
31710
31709
31708
31707
31706
31704
31703
31702
31701
31700
31699
31698
31697
31696
31695
31644
31643
31642
31641
31415
31414
31432
31280
1297
30086
30083
30089
30093
30071
30072
2552
30073
30077
30101
30557
30076
32083
31363
31353
31311
33187
33032
33031
33030
33029
33028
33027
33026
33025
33024
32727
32604
32587
32586
32579
32568
32567
32566
32500
32499
32417
32415
32407
28661
34321
34327
34325
34332
34333
34334
34335
34336